50 936
1 2 42
1 3 13
1 4 46
1 5 89
1 6 46
1 7 96
1 9 95
1 10 44
1 11 58
1 12 88
1 13 11
1 14 27
1 15 100
1 16 93
1 17 99
1 18 8
1 19 88
1 21 72
1 22 12
1 23 32
1 24 63
1 25 53
1 27 11
1 28 84
1 30 46
1 31 43
1 32 22
1 33 10
1 34 62
1 37 25
1 38 20
1 40 83
1 41 19
1 44 45
1 45 64
1 46 36
1 47 5
1 48 92
1 49 94
1 50 49
2 3 70
2 5 55
2 6 86
2 7 1
2 8 28
2 10 97
2 11 31
2 12 25
2 13 5
2 15 40
2 16 89
2 19 36
2 20 64
2 22 99
2 23 13
2 24 95
2 26 51
2 27 17
2 28 71
2 29 23
2 30 99
2 31 3
2 32 34
2 34 22
2 35 1
2 36 71
2 37 100
2 38 47
2 40 12
2 42 7
2 43 74
2 46 52
2 47 89
2 49 89
2 50 39
3 4 45
3 5 96
3 7 32
3 8 51
3 10 98
3 11 93
3 12 12
3 13 15
3 14 89
3 17 100
3 18 94
3 20 35
3 21 45
3 22 45
3 23 51
3 24 21
3 25 27
3 26 70
3 27 72
3 28 88
3 29 66
3 30 99
3 32 46
3 34 45
3 35 42
3 38 94
3 39 83
3 40 97
3 42 69
3 43 40
3 45 35
3 46 43
3 47 46
3 48 76
3 49 49
3 50 90
4 5 65
4 8 79
4 9 85
4 10 13
4 11 62
4 12 5
4 13 77
4 14 67
4 15 16
4 16 81
4 17 26
4 19 1
4 20 17
4 21 63
4 22 82
4 23 33
4 26 76
4 27 19
4 29 27
4 32 26
4 33 21
4 34 8
4 35 50
4 36 84
4 37 85
4 38 87
4 39 20
4 40 36
4 41 75
4 42 50
4 44 52
4 45 49
4 46 77
4 48 31
4 49 64
4 50 65
5 6 9
5 7 8
5 9 93
5 10 75
5 12 18
5 13 38
5 14 7
5 17 91
5 18 9
5 19 4
5 20 66
5 22 29
5 24 52
5 25 14
5 26 40
5 27 4
5 28 76
5 30 93
5 34 35
5 35 96
5 38 34
5 39 63
5 44 92
5 46 5
5 48 58
5 50 34
6 7 61
6 9 8
6 10 58
6 13 70
6 14 9
6 15 22
6 16 54
6 17 16
6 20 68
6 21 64
6 22 68
6 23 10
6 24 6
6 25 83
6 27 42
6 28 38
6 29 31
6 30 4
6 31 52
6 32 28
6 33 65
6 34 41
6 35 13
6 36 68
6 37 63
6 39 35
6 41 41
6 42 92
6 43 24
6 44 24
6 45 19
6 46 4
6 47 12
6 48 33
6 49 80
6 50 24
7 8 50
7 10 69
7 11 34
7 12 91
7 13 90
7 14 8
7 18 25
7 19 69
7 21 72
7 22 80
7 24 71
7 25 54
7 28 33
7 30 88
7 31 24
7 33 14
7 35 98
7 36 95
7 37 46
7 38 26
7 39 20
7 40 61
7 43 69
7 45 14
7 46 22
7 47 18
7 48 33
7 49 68
7 50 55
8 9 92
8 10 83
8 11 12
8 12 58
8 13 65
8 14 88
8 15 10
8 17 75
8 18 27
8 20 45
8 21 18
8 22 10
8 23 17
8 24 64
8 25 62
8 26 40
8 27 68
8 28 35
8 30 99
8 31 6
8 32 88
8 34 62
8 35 35
8 36 69
8 37 72
8 39 81
8 41 62
8 42 35
8 43 10
8 44 19
8 45 78
8 46 7
8 48 85
8 49 71
8 50 45
9 11 46
9 12 42
9 13 43
9 14 52
9 15 46
9 17 7
9 18 38
9 19 55
9 20 5
9 21 89
9 22 94
9 23 65
9 24 90
9 25 53
9 27 41
9 28 76
9 31 47
9 32 9
9 35 50
9 36 49
9 38 61
9 40 1
9 41 20
9 43 49
9 45 53
9 46 12
9 50 89
10 11 72
10 13 15
10 14 76
10 15 13
10 16 52
10 17 36
10 19 89
10 20 1
10 22 1
10 23 50
10 24 69
10 25 97
10 26 48
10 27 2
10 28 46
10 29 20
10 30 19
10 31 80
10 32 70
10 33 34
10 34 73
10 35 46
10 36 15
10 37 14
10 38 28
10 39 19
10 40 24
10 41 62
10 42 41
10 43 26
10 44 54
10 45 49
10 46 91
10 47 55
10 48 11
10 49 21
11 12 66
11 14 92
11 15 36
11 16 22
11 17 19
11 18 73
11 20 65
11 22 2
11 24 51
11 25 82
11 26 78
11 27 41
11 28 66
11 29 25
11 31 98
11 32 76
11 34 97
11 36 93
11 37 43
11 38 80
11 40 82
11 44 74
11 45 40
11 46 54
11 47 36
11 48 85
11 49 99
11 50 92
12 13 19
12 14 75
12 15 50
12 16 76
12 19 80
12 20 89
12 21 76
12 22 80
12 23 37
12 24 19
12 25 31
12 26 23
12 27 72
12 28 1
12 29 99
12 30 2
12 31 80
12 32 39
12 33 43
12 34 62
12 35 99
12 36 91
12 37 25
12 38 26
12 39 40
12 40 7
12 41 50
12 42 38
12 43 2
12 44 87
12 46 88
12 47 88
12 49 42
12 50 30
13 14 58
13 16 100
13 17 82
13 18 30
13 20 26
13 21 83
13 22 81
13 23 100
13 24 62
13 25 33
13 26 78
13 27 57
13 28 69
13 29 52
13 30 5
13 31 81
13 32 9
13 34 30
13 35 88
13 36 44
13 37 77
13 38 72
13 39 23
13 40 61
13 41 89
13 42 90
13 44 10
13 45 40
13 46 14
13 47 70
13 49 30
13 50 99
14 15 49
14 16 52
14 17 30
14 18 67
14 19 28
14 21 88
14 22 45
14 23 42
14 24 7
14 25 55
14 26 64
14 27 42
14 29 98
14 30 96
14 32 44
14 33 27
14 35 55
14 36 16
14 39 21
14 40 16
14 42 7
14 43 41
14 44 94
14 45 81
14 50 89
15 16 76
15 18 3
15 19 82
15 20 27
15 21 42
15 22 20
15 23 68
15 25 6
15 26 100
15 28 45
15 29 37
15 31 30
15 32 94
15 33 100
15 34 5
15 35 23
15 36 51
15 38 99
15 39 23
15 40 38
15 42 41
15 43 4
15 45 60
15 47 97
15 48 86
16 17 48
16 19 52
16 20 26
16 21 8
16 22 82
16 23 84
16 24 79
16 25 46
16 26 65
16 28 56
16 29 1
16 31 49
16 32 71
16 33 8
16 34 25
16 35 53
16 36 6
16 38 65
16 40 23
16 41 96
16 42 46
16 45 85
16 46 18
16 47 83
16 48 6
16 49 83
17 18 42
17 20 89
17 21 61
17 23 19
17 24 97
17 25 33
17 26 57
17 28 49
17 29 25
17 31 43
17 32 40
17 33 16
17 34 41
17 38 11
17 39 2
17 40 16
17 41 42
17 42 56
17 43 10
17 44 59
17 46 59
17 47 64
17 50 54
18 19 17
18 20 88
18 21 12
18 22 39
18 24 61
18 27 44
18 28 6
18 29 42
18 30 76
18 31 61
18 32 11
18 34 6
18 35 88
18 36 28
18 37 31
18 38 13
18 40 3
18 42 63
18 43 58
18 44 57
18 45 47
18 46 43
18 47 35
18 49 2
18 50 7
19 21 18
19 22 25
19 23 79
19 24 12
19 26 95
19 27 29
19 28 59
19 29 16
19 32 47
19 33 59
19 34 43
19 35 85
19 36 9
19 37 27
19 38 61
19 39 47
19 40 80
19 41 20
19 42 5
19 43 66
19 44 72
19 45 27
19 46 23
19 47 55
19 48 32
19 49 32
19 50 66
20 21 70
20 22 12
20 23 49
20 24 49
20 25 80
20 26 51
20 28 8
20 29 14
20 32 19
20 33 12
20 34 34
20 36 47
20 37 98
20 38 36
20 39 43
20 41 43
20 42 15
20 44 43
20 46 91
20 48 5
20 50 93
21 22 37
21 23 1
21 24 88
21 26 55
21 27 85
21 29 79
21 31 21
21 32 78
21 33 61
21 34 99
21 35 62
21 36 81
21 37 90
21 39 50
21 40 66
21 41 48
21 42 79
21 43 59
21 44 4
21 46 82
21 47 64
21 48 99
21 49 10
21 50 12
22 23 24
22 24 60
22 25 43
22 26 46
22 27 99
22 28 70
22 30 75
22 31 37
22 32 86
22 33 33
22 35 23
22 36 74
22 37 42
22 39 5
22 41 81
22 42 11
22 43 55
22 44 79
22 45 79
22 46 5
22 48 86
22 49 59
22 50 28
23 24 58
23 25 66
23 26 74
23 27 52
23 28 71
23 29 55
23 32 88
23 33 15
23 35 19
23 36 93
23 37 25
23 38 61
23 39 78
23 42 93
23 45 18
23 46 54
23 48 61
23 49 26
24 26 62
24 27 13
24 28 28
24 29 47
24 30 14
24 31 15
24 32 95
24 33 71
24 34 42
24 35 7
24 36 32
24 38 10
24 40 93
24 41 60
24 42 80
24 43 93
24 45 21
24 47 75
24 48 91
24 49 25
25 28 83
25 29 61
25 30 40
25 32 1
25 34 94
25 35 93
25 36 24
25 37 74
25 38 93
25 39 100
25 40 72
25 41 9
25 42 70
25 43 53
25 44 100
25 45 72
25 46 12
25 47 56
25 49 90
25 50 61
26 28 90
26 29 32
26 30 28
26 31 60
26 32 94
26 33 73
26 34 94
26 35 100
26 37 99
26 38 30
26 39 95
26 40 65
26 42 6
26 44 91
26 45 62
26 46 96
26 47 31
26 48 87
26 49 65
26 50 83
27 28 62
27 30 59
27 31 16
27 32 15
27 33 36
27 34 42
27 35 71
27 36 17
27 40 93
27 43 48
27 44 33
27 45 85
27 46 83
27 48 100
27 49 28
27 50 49
28 30 36
28 31 37
28 32 75
28 33 17
28 34 25
28 36 17
28 37 98
28 39 14
28 40 36
28 43 95
28 45 2
28 46 88
28 47 5
28 49 9
28 50 37
29 31 5
29 33 54
29 34 47
29 36 38
29 37 31
29 38 85
29 39 53
29 40 75
29 41 22
29 42 45
29 43 30
29 44 45
29 45 10
29 46 55
29 47 19
29 48 44
29 49 64
29 50 48
30 31 28
30 32 43
30 33 100
30 35 52
30 36 63
30 38 91
30 40 20
30 42 37
30 43 74
30 45 92
30 46 84
30 48 47
30 50 26
31 32 52
31 33 27
31 34 23
31 36 86
31 37 66
31 38 99
31 39 47
31 40 41
31 43 26
31 44 57
31 46 48
31 48 39
31 49 76
31 50 60
32 33 95
32 36 2
32 37 40
32 38 45
32 39 50
32 41 90
32 42 100
32 43 50
32 44 11
32 45 22
32 46 75
32 47 48
32 48 100
32 49 90
32 50 11
33 34 45
33 35 85
33 36 75
33 37 10
33 38 4
33 39 87
33 40 77
33 44 9
33 45 28
33 46 32
33 47 18
33 48 50
33 49 55
33 50 97
34 35 7
34 36 22
34 37 57
34 38 82
34 39 32
34 40 59
34 41 62
34 43 91
34 44 87
34 45 81
34 46 31
34 47 75
34 48 81
34 49 51
34 50 56
35 37 39
35 38 22
35 40 55
35 41 67
35 42 29
35 43 1
35 44 21
35 45 78
35 46 91
35 47 16
35 48 42
35 50 22
36 37 67
36 38 57
36 39 18
36 41 91
36 42 50
36 43 60
36 44 85
36 46 37
36 47 82
36 49 41
36 50 52
37 38 44
37 41 66
37 45 32
37 48 41
37 49 47
38 39 14
38 40 38
38 41 10
38 42 5
38 43 95
38 45 46
38 46 59
38 47 100
38 48 3
38 50 37
39 40 32
39 42 29
39 43 91
39 44 13
39 48 63
40 41 36
40 43 99
40 44 20
40 45 63
40 46 79
40 47 67
40 48 2
40 49 9
41 42 37
41 43 13
41 44 79
41 45 51
41 46 86
41 47 11
41 48 84
41 49 97
41 50 97
42 43 71
42 44 85
42 45 35
42 46 8
42 47 3
42 48 21
42 49 97
42 50 9
43 44 72
43 45 13
43 46 55
43 48 65
43 49 22
43 50 15
44 45 11
44 46 47
44 47 21
44 49 23
45 46 77
45 47 38
45 48 17
45 49 80
46 47 19
46 50 38
47 49 56
47 50 56
48 49 80
48 50 58
49 50 84
