20 96
1 3 84
1 4 82
1 6 80
1 7 48
1 8 44
1 12 41
1 14 16
1 16 42
1 18 98
1 19 92
1 20 84
2 3 73
2 4 3
2 6 68
2 7 18
2 8 22
2 9 66
2 11 31
2 12 76
2 14 92
2 15 80
2 19 85
2 20 40
3 5 13
3 6 22
3 9 59
3 15 33
3 16 71
3 19 52
4 5 88
4 8 39
4 10 59
4 11 26
4 13 62
4 14 38
4 16 1
4 17 73
4 18 10
4 20 80
5 6 81
5 8 43
5 10 49
5 13 2
5 16 72
5 17 24
5 19 61
6 7 13
6 10 68
6 11 39
6 12 49
6 16 82
6 17 14
6 18 62
6 19 31
6 20 54
7 9 85
7 11 12
7 14 56
7 15 88
8 13 21
8 16 34
8 20 87
9 10 84
9 11 37
9 13 60
9 15 89
9 18 71
9 19 32
10 11 71
10 13 91
10 16 43
10 17 71
11 12 21
11 15 34
11 17 50
11 19 69
12 13 31
12 15 54
12 16 27
12 17 29
12 18 98
12 19 31
13 15 24
13 16 26
13 17 72
13 19 5
14 15 54
14 16 16
14 18 63
14 19 36
14 20 11
15 18 2
16 18 52
16 20 76
18 19 22
19 20 5
