50 310
1 2 13
1 7 18
1 8 24
1 10 72
1 22 34
1 23 20
1 25 5
1 30 98
1 31 75
1 32 19
1 33 6
1 34 22
1 37 25
1 38 49
1 39 61
1 41 13
1 42 59
1 47 34
2 6 12
2 9 99
2 11 93
2 18 43
2 19 25
2 22 32
2 25 75
2 28 71
2 31 77
2 41 82
3 9 54
3 11 75
3 12 12
3 13 35
3 15 63
3 16 95
3 19 74
3 24 18
3 27 51
3 29 20
3 35 8
3 44 13
3 47 35
3 49 24
4 5 62
4 7 40
4 8 95
4 16 13
4 17 17
4 18 4
4 20 74
4 21 63
4 31 10
4 32 72
4 36 2
4 37 85
4 43 98
4 44 34
4 46 67
4 47 57
4 48 32
4 49 55
4 50 4
5 6 5
5 7 44
5 8 81
5 10 96
5 21 82
5 22 62
5 23 76
5 25 55
5 28 29
5 30 69
5 31 73
5 34 81
5 36 13
5 37 80
5 38 94
5 42 11
5 44 53
5 46 97
5 48 81
5 49 57
5 50 6
6 13 29
6 16 30
6 21 47
6 34 67
6 45 57
6 47 78
7 15 66
7 18 69
7 23 40
7 24 59
7 28 29
7 34 97
7 35 63
7 44 62
7 45 18
7 48 87
8 12 24
8 30 16
8 31 93
8 32 37
8 33 61
8 41 63
8 44 71
8 48 12
8 50 88
9 17 72
9 30 41
9 38 82
9 45 65
9 47 1
10 14 91
10 15 79
10 19 54
10 20 27
10 27 61
10 31 94
10 34 66
10 35 45
10 44 31
10 50 34
11 13 14
11 14 21
11 27 13
11 32 36
11 36 17
11 37 64
11 38 35
11 40 7
11 42 51
12 17 77
12 26 42
12 38 34
12 41 93
12 43 90
12 47 58
13 21 68
13 23 63
13 25 63
13 28 78
13 34 42
13 38 48
13 41 64
13 43 40
13 45 25
14 15 80
14 18 1
14 19 73
14 20 25
14 22 28
14 24 5
14 25 37
14 31 58
14 33 69
14 38 57
14 44 19
14 45 77
15 17 97
15 24 12
15 25 69
15 35 42
15 36 40
15 38 76
15 39 36
15 47 96
16 20 80
16 21 93
16 22 97
16 23 12
16 25 64
16 27 11
16 28 95
16 30 77
16 35 29
16 39 90
16 41 92
16 45 3
16 47 27
17 20 15
17 25 53
17 26 80
17 32 45
17 33 64
17 35 33
17 36 25
17 37 30
17 38 48
17 39 57
18 21 30
18 22 82
18 33 39
18 34 69
18 36 76
18 42 8
19 24 36
19 25 26
19 27 22
19 30 15
19 41 64
19 43 50
19 44 65
20 24 79
20 29 84
20 40 33
20 43 91
21 26 75
21 32 11
21 34 73
21 37 30
21 39 2
21 41 17
21 42 77
22 29 72
22 30 7
22 41 62
22 46 95
22 49 72
23 25 19
23 26 20
23 32 88
23 34 31
23 35 74
23 36 70
23 45 47
24 25 18
24 28 41
24 32 66
24 35 39
24 36 63
24 39 89
24 42 61
24 44 45
24 45 93
24 48 91
24 49 52
25 27 18
25 29 29
25 32 88
25 35 58
25 40 94
25 42 32
25 44 66
25 45 28
25 47 45
26 36 99
26 37 63
26 38 24
26 39 79
26 42 74
26 49 44
28 31 35
28 32 89
28 36 68
28 37 79
28 40 56
28 44 75
29 32 100
29 35 41
29 46 37
30 37 78
30 39 59
30 46 96
30 48 32
31 34 70
31 35 70
31 37 19
31 40 14
31 49 85
32 37 10
32 47 44
32 50 74
33 34 32
33 35 87
33 39 81
33 47 41
34 37 42
34 42 60
34 46 79
34 47 93
34 48 18
35 38 80
35 42 81
36 38 97
36 42 30
36 46 87
36 48 65
37 46 52
37 47 30
37 49 21
38 39 62
38 43 9
38 46 34
39 44 33
39 45 90
39 46 14
40 41 57
40 44 73
40 45 98
40 46 49
40 48 66
41 49 32
42 43 76
42 46 4
43 48 36
45 47 89
46 48 96
48 49 43
48 50 73
49 50 28
