20 145
1 3 18
1 4 67
1 6 68
1 7 9
1 8 26
1 9 73
1 10 40
1 11 7
1 13 58
1 15 70
1 16 36
1 17 36
1 18 40
1 19 3
1 20 86
2 3 24
2 4 96
2 5 31
2 6 13
2 7 66
2 10 3
2 11 55
2 12 4
2 14 25
2 15 16
2 16 88
2 17 42
2 18 74
2 20 49
3 4 64
3 6 94
3 7 28
3 8 17
3 9 41
3 10 67
3 13 42
3 16 82
3 17 69
3 18 84
3 19 28
3 20 61
4 5 57
4 6 88
4 7 50
4 8 57
4 9 34
4 10 45
4 11 98
4 12 12
4 14 53
4 15 28
4 16 39
4 18 60
4 19 1
4 20 83
5 6 63
5 8 50
5 10 82
5 11 76
5 12 77
5 13 40
5 14 83
5 15 3
5 16 8
5 17 93
5 20 69
6 7 11
6 8 1
6 9 81
6 10 89
6 11 64
6 13 97
6 16 64
6 17 55
6 19 58
6 20 70
7 8 56
7 9 42
7 10 51
7 11 16
7 12 30
7 13 10
7 14 82
7 17 82
7 18 41
7 19 63
7 20 84
8 10 24
8 11 68
8 12 63
8 13 22
8 15 28
8 19 16
8 20 53
9 11 3
9 12 39
9 13 80
9 14 56
9 16 39
9 18 62
9 19 12
10 11 95
10 12 62
10 13 81
10 14 57
10 15 36
10 16 40
10 17 2
10 19 70
10 20 29
11 12 3
11 16 23
11 18 94
11 19 16
11 20 42
12 13 88
12 14 2
12 16 28
12 17 93
12 18 7
12 19 1
13 14 73
13 15 67
13 16 64
13 17 15
13 19 99
13 20 27
14 15 40
14 16 39
14 17 93
14 18 61
14 19 70
15 17 8
15 18 59
15 19 100
16 17 28
16 18 58
16 19 6
16 20 81
17 18 22
17 19 18
17 20 92
18 19 57
18 20 67
19 20 12
