50 633
1 2 21
1 3 47
1 4 99
1 6 24
1 7 40
1 8 39
1 10 70
1 11 34
1 12 60
1 13 42
1 15 54
1 16 4
1 17 86
1 22 3
1 27 40
1 28 61
1 32 15
1 34 74
1 37 33
1 38 17
1 41 61
1 44 11
1 46 88
1 48 41
1 49 77
1 50 100
2 3 16
2 5 13
2 7 2
2 8 23
2 10 40
2 11 45
2 13 27
2 14 44
2 17 29
2 19 69
2 20 76
2 21 73
2 23 23
2 24 1
2 25 40
2 27 62
2 29 1
2 30 72
2 32 50
2 34 39
2 35 1
2 36 10
2 37 39
2 42 46
2 43 3
2 44 31
2 45 51
2 46 3
2 47 61
2 49 84
2 50 14
3 4 48
3 6 59
3 8 20
3 11 90
3 13 94
3 15 48
3 16 20
3 18 53
3 19 76
3 23 51
3 25 98
3 26 55
3 27 26
3 29 40
3 30 80
3 31 66
3 36 36
3 40 6
3 46 29
3 48 40
3 49 11
3 50 94
4 9 37
4 10 64
4 13 75
4 16 76
4 18 39
4 19 72
4 21 100
4 22 71
4 25 9
4 26 21
4 27 8
4 28 6
4 30 69
4 31 83
4 32 10
4 35 35
4 36 97
4 37 22
4 41 21
4 43 65
4 46 64
4 47 61
4 49 9
5 6 44
5 7 70
5 8 49
5 9 10
5 15 36
5 16 45
5 19 73
5 22 69
5 23 86
5 26 32
5 27 41
5 29 46
5 30 23
5 31 53
5 32 65
5 33 72
5 38 36
5 41 70
5 42 61
5 43 43
5 44 48
5 47 29
6 7 91
6 8 11
6 13 75
6 14 25
6 15 38
6 17 30
6 19 90
6 20 12
6 21 28
6 23 51
6 24 34
6 25 53
6 28 2
6 29 32
6 30 40
6 31 55
6 32 99
6 34 68
6 35 60
6 38 39
6 40 66
6 41 70
6 42 60
6 43 86
6 46 100
6 48 83
6 50 5
7 8 42
7 9 17
7 11 70
7 12 33
7 13 31
7 18 26
7 20 28
7 21 81
7 23 32
7 24 46
7 25 96
7 26 18
7 27 40
7 29 63
7 31 46
7 32 1
7 34 74
7 36 79
7 38 95
7 39 80
7 40 13
7 41 58
7 42 13
7 44 10
7 45 52
7 46 65
7 47 64
7 49 9
7 50 7
8 10 80
8 11 68
8 12 79
8 13 4
8 14 39
8 16 6
8 17 16
8 18 63
8 19 79
8 20 47
8 22 43
8 23 29
8 24 51
8 30 15
8 32 74
8 33 53
8 35 36
8 38 38
8 40 16
8 41 43
8 48 50
8 49 25
9 14 88
9 16 51
9 19 23
9 21 60
9 22 75
9 28 46
9 30 47
9 32 95
9 38 68
9 39 46
9 40 96
9 41 93
9 42 23
9 44 97
9 45 100
9 46 61
9 47 28
9 48 47
9 49 52
10 13 8
10 15 30
10 16 48
10 20 9
10 21 75
10 27 49
10 28 12
10 35 84
10 38 72
10 40 71
10 41 32
10 48 92
10 49 78
11 16 94
11 17 24
11 20 97
11 23 4
11 24 91
11 26 79
11 27 60
11 28 26
11 29 43
11 33 45
11 37 24
11 40 10
11 41 78
11 42 97
11 44 82
11 45 48
11 48 58
11 50 43
12 15 18
12 17 97
12 18 59
12 20 23
12 21 33
12 25 52
12 26 26
12 27 51
12 28 83
12 29 36
12 32 87
12 33 82
12 34 34
12 35 1
12 36 14
12 40 100
12 43 16
12 45 27
12 46 95
12 49 48
13 14 71
13 15 59
13 17 30
13 18 4
13 19 2
13 21 47
13 22 25
13 23 90
13 25 5
13 27 31
13 31 89
13 35 89
13 36 67
13 38 86
13 40 39
13 41 70
13 43 46
13 45 91
13 47 7
13 48 96
13 50 6
14 16 64
14 18 44
14 20 10
14 22 48
14 23 59
14 24 9
14 26 80
14 27 4
14 35 50
14 36 58
14 38 23
14 39 64
14 42 93
14 43 24
14 48 84
14 49 28
14 50 98
15 16 27
15 17 20
15 20 17
15 21 74
15 22 76
15 25 24
15 27 17
15 28 91
15 31 19
15 32 39
15 33 75
15 36 56
15 39 80
15 40 40
15 41 81
15 42 10
15 43 76
15 46 15
15 47 53
15 49 97
16 18 98
16 19 70
16 20 37
16 21 81
16 22 86
16 23 96
16 27 51
16 30 91
16 32 57
16 34 65
16 35 63
16 36 13
16 41 7
16 43 75
16 47 32
16 48 29
17 18 9
17 19 91
17 22 84
17 26 19
17 29 35
17 30 99
17 31 39
17 37 98
17 38 42
17 41 81
17 46 83
17 48 16
17 50 26
18 20 33
18 22 23
18 24 51
18 27 25
18 28 51
18 30 52
18 31 33
18 33 74
18 37 24
18 39 49
18 40 45
18 41 51
18 42 8
18 43 68
18 46 67
18 49 51
19 20 51
19 25 79
19 28 14
19 30 57
19 37 99
19 38 79
19 42 83
19 43 52
19 44 97
19 45 56
19 46 20
19 47 81
19 49 46
20 21 2
20 22 71
20 23 52
20 25 26
20 26 99
20 27 74
20 28 21
20 29 13
20 30 9
20 31 84
20 32 100
20 33 24
20 34 72
20 36 18
20 37 57
20 39 27
20 42 83
20 43 48
20 44 74
20 48 75
20 50 19
21 22 44
21 26 28
21 27 74
21 28 18
21 29 15
21 30 56
21 34 24
21 40 97
21 41 23
21 42 21
21 43 31
21 44 46
22 23 98
22 24 49
22 27 99
22 28 26
22 30 74
22 33 54
22 35 42
22 37 72
22 38 73
22 39 17
22 41 85
22 42 82
22 43 53
22 47 85
22 50 35
23 27 90
23 28 90
23 32 5
23 34 73
23 35 22
23 36 58
23 38 62
23 39 81
23 40 73
23 41 3
23 43 37
23 46 25
23 47 30
23 49 13
23 50 10
24 26 89
24 29 2
24 33 53
24 38 15
24 40 38
24 42 62
24 44 27
24 45 46
24 46 55
24 49 58
25 26 60
25 27 19
25 29 23
25 31 100
25 32 82
25 33 18
25 34 51
25 35 10
25 37 95
25 38 71
25 40 77
25 44 96
25 47 45
26 27 27
26 29 60
26 30 13
26 31 34
26 32 78
26 33 28
26 38 27
26 39 42
26 41 38
26 42 57
26 43 67
26 46 4
26 48 99
26 49 82
26 50 44
27 30 16
27 34 8
27 35 65
27 36 50
27 37 10
27 39 67
27 41 7
27 42 88
27 43 5
27 44 60
27 46 71
27 47 38
27 49 53
28 29 11
28 32 78
28 33 68
28 35 6
28 37 52
28 38 11
28 40 72
28 41 60
28 42 29
28 43 54
28 44 68
28 45 60
28 48 82
29 31 37
29 32 94
29 35 80
29 36 58
29 37 68
29 40 90
29 41 92
29 43 99
29 48 14
29 49 75
29 50 95
30 35 41
30 38 3
30 39 87
30 41 51
30 42 69
30 43 95
30 44 93
30 45 64
30 46 99
30 48 94
30 50 40
31 37 82
31 38 69
31 41 17
31 42 58
31 46 52
31 47 74
31 48 45
31 49 32
32 33 23
32 34 9
32 40 11
32 43 85
32 44 15
32 45 99
32 46 76
32 47 43
32 48 92
32 49 94
33 34 25
33 36 100
33 37 17
33 39 81
33 40 91
33 41 81
33 42 81
33 43 23
33 44 42
33 45 20
33 48 42
33 49 63
33 50 16
34 35 1
34 37 9
34 41 72
34 42 2
34 47 61
35 36 28
35 37 42
35 38 45
35 39 10
35 40 83
35 41 7
35 45 100
35 46 48
35 49 85
36 37 37
36 38 46
36 42 82
36 43 49
36 47 5
36 48 52
37 39 87
37 41 86
37 42 28
37 46 3
37 50 16
38 44 87
38 45 24
38 46 47
38 47 2
38 48 67
38 49 19
38 50 26
39 40 70
39 43 83
39 44 93
39 47 66
39 48 3
40 41 7
40 42 1
40 44 48
40 45 3
40 46 38
40 50 78
41 43 97
41 44 69
41 45 52
41 48 85
42 47 46
42 49 45
42 50 68
43 44 67
43 48 8
44 45 56
44 46 74
44 47 55
44 48 41
44 49 44
44 50 11
45 48 4
45 49 50
46 47 80
46 48 16
46 50 46
48 50 9
49 50 36
